0,303 ccppc
0,59 + # fade-in
304
561
620
684
786
954
1014
1049
1078
1127
1162
1216
1313
1342
1473
1516
1631
1726
1987
2088

3758 # keyframe
4613
4754
4856
4889
4939
4972
4991
5013
5044
5065
5096
5125
5147
5173
5192
5236
5267
5297
5330
5393
5440

5559 # keyframe
5768
6020
6189
6285
6450
6574
6765
7006
7286
7663
8033
8128
8179
8223
8260
8404
8472
8541
8584
8660
8725
8796
8858
8935
9206
9312
9672
9724
9911
9966
10036
10109
10271
10372
10429
10516
10764
10802
10835
10871
10967
11076
11192
11247
11311
11346
11438
11487
11571
11650
11739
11809
11884
11930
11974
12228
12354
12415
12529
12681
12757
12829
12893
12946
12995
13026
13087
13235
13297
13352
13503
13545
13661
13729
13866
13923
14018
14190
14296
14378
14490
14626
14670
14856
14995
15069
15158
15242
15461
15491
15524
15613
15676
15856
15935
15990
16033
16124
16324
16594
16909
17193
17361
17544
17629
17826,18204 # hand
18205
18248,18880 # hand
18881
18928
19010
19065
20268
20305
20341
20391
20469
20735
20899
21039
21286
21425
21492
21529
21579
21631
21721
21759
21958
22158
22287
22337
22485
22810
23065
23220
23379
23427
23552
23692
23735,23781
23763,23811 + # crossfade
23782
23872
23944
24034
24091
24242
24306
24384
24453
24515
24572
24633
25227
25281
25511
25558
25648
25739
25833
25882
25923
25954
25985
26012
26120
26147
26212
26241
26284
26356
26547
26572
26628
26671
26771
26881
26975
27091
27211
27452
27689
27762
28121
28199
28401
28486
28712
28785
28853
28972
29161
29298
29368
29445
29634
29711
29821
30004
30062
30191
30267
30363
30425
30502
30569
30629
30670
30745
30804
30879
30919
31071
31161
31234
31304
31349
31532
31628
31706
31746
31814
31883
32049
32094
32366
32395
32438
32628
32750
32876
32945
32988
33047
33090
33119
33201
33313
33356
33409
33476
33577
33667
33768
33857
34014
34259
34409
34497
34589
34759
36467
36550
36640
36697
36760
36810
36838
36912
36961
37018
37101
37171
37229
37292
37348
37541
37627
37672
37720
37744
37781
37841
37875
37920
37973
38030
38084
38137
38171
38190
38239
38282
38338
38383
38473
38495
38533
38569
38721
38795
38916
39026
39111
39163
39192
39278
39357
39653
39751
39791
39856
39921
39965
39997
40047
40083
40122
40244
40322
40401
40429
40480,40562
40521,40583 + # crossfade
40563
40786
41008
41247
41339
41434
41485
41535
41620
41948
42021
42266
42342
42382
42583
42730
42790
42821
42910,43001
42910,42919 + # fade-in
43002
43206
43347
43400
43573
43795
43951
44072
44179
44475
44578
44701
44796
45044
45208
45365
45474
45641
45725
45795
45948
46038
46106
46168
46253
46452
46530
46581
46705
46842
46956
47008
47043
47228
47290
47577
47682
47770
47876
47927
47988
48072
48388
48435
48590
48664
48849
48957
49203
49305
49367
49411
49496
49652
49703
49809
49859
49893
49969
50079
50135
50242
50331
50366
50492
50605
50820
50959
51138
51267
51302
51407
51588
51938
51978
52106
52209
52272
52387
52460
52605
52730
52860
52968
53035
53461
53671
53779
53976
54019
54102
54184
54271
54385
54703
54757
54881
54992
55992
56179
56290
57500
57587
57652
57754
57919
57950
58707
58798
58857
59044
59269
59351
59447
59574
59642
59748
60012
60108
60161
60224
60275
60309
60356
60396
60419
60464
60538
60617
60703
60806
60894
60925
60972
60996
61054
61160
61216
61294
61328
61372
61414
61448
61501
61533
61627
61673
61715
61772
61814
61853
61913,61994 cccpp
61995,62069 cpppc # crossfade, cppcc + ccppc
62070,63318 ccppc
63319
63377
63418
63482
63564
63741
63841
63899
63946
64273
64313
64443
64723
64808
64896
64999
65037
65294
65348
65509
65730
65790
65859
65929
66049
66191
66249
66322
66736
66791
66854
66901
66930
67225
67319
67562
67592
67768
67938
68002
68248
68361
68497
68894
68959
69132
69348
69408
69490
69547
69760
69856
69918
70006
70080
70115
70147
70419
70549
70582
70650
70712
70747
70789
70823
70857
71052
71081
71145
71200
71220
71284
71355
71381
71408
71450
71501
71546
71584
71732
71777
72706
73134,73196 + # crossfade
73177
73297
73366
73416
73487
73533
73625
73712
73743
73783
73883
73987
74042
74101
74193
74561
75179
75265
75545
75624
75697
75872
75908
75960
76044
76178
76215
76331
76404
76647
76667
76853
76879
76929
76967
77134
77225
77374
77444
77489
77517
77618
77730
78030
78116
78341,78654
78638,78654 + # fade-out

78655,81166 c # keyframe
81167,81274 c
81167,81274 +