# S3E14

0,1141 pcccp
0,1141 -
1035 +
1217,1226 cppcc
1227,1235 pcccp
1236,1243 ccppc
1244,1251 ccppc
1252,1259 ppccc
1260,1267 pcccp
1268,1275 ppccc
1276,1283 ppccc
1284,1291 pcccp
1292,1298 cccpp
1299,1305 ppccc
1306,1312 pcccp
1313,1319 cccpp
1320,1326 ccppc
1327,1333 cppcc
1334,1341 ppccc
1342,1347 ppccc
1348,1354 ccppc
1355,1360 c
1361,1365 pcccp
1366,1371 ccuccc
1372,1380 +
1381,1389 +
1390,1398 ccppc
1399,1404 cppcc
1405,1410 pcccu
1405,1410 +---+
1411,1419 ccppc
1411,1419 --++-
1420,1426 ppccc
1420,1426 ++---
1427,1432 c
1433,1438 pcccp
1433,1438 +---+
1439,1460 c
1461,1466 cccpp
1461,1466 ---++
1467,1475 c
1467,1475 ++---
1476,1511 c
1476,1511 +
1512,1520 pcccp
1512,1520 +---+
1521,1526 pcccp
1521,1526 +---+
1527,1535 ppccc
1527,1535 ++---
1536,1546 c
1547,1573 ccppc
1547,1573 --++-
1574,1613 pcccp
1574,1631 +---+
1632,1829 c

1830,2264 c # ccppc # keyframe
1830,2264 --++- # stanley ccppc, everything else out of phase
#1830,2264 Q 6
2265,2605 c # ccppc
2265,2605 --++-
2606,3003 c
2884,3003 +
3004,3189 c # cppcc
3004,3189 -++--
3190,3249 ppccc
3250,3311 c # ccppc
3250,3311 --++-
3300,3311 + # bg transition
3300,3311 Q 3
3312,3334 ppccc
3335,3524 cccpp
3525,3724 ccppc
3725,3793 cppcc
3725,3793 - # not sure what's going on here, deinterlacing the bad frames
3725 +
3729,3730 +
3739,3740 +
3746 +
3750,3751 +
3758 +
3766 +
3771 +
3794,3843 cppcc

# TODO

3844,3916 
3917,4045 
4046,4125 
4126,4255 
4256,4365 
4366,4416 
4417,4595 
4596,4633 
4634,4830 
4831,5101 
5102,5205 
5206,5305 
5306,5332 
5333,5431 
5432,5540 
5541,5642 
5643,5910 
5911,6270 c
6271,6455 c
6456,6543 c
6544,6947 cppcc # fg cppcc, bg pcccp, keep fg, bg is terrible
6544,6888 +
6683,6684 Q 5
6689 Q 5
6693,6694 Q 5
6743,6744 Q 5
6748,6749 Q 5
6948,7146 c
7147,7271 pcccp
7157,7256 +---+
7272,7547 pcccp
7548,7717 
7718,7809 
7810,8106 
8107,8298 
8299,8478 
8479,8582 
8583,8651 
8652,8765 
8766,8900 
8901,8973 
8974,9026 
9027,9156 
9157,9247 
9248,9408 
9409,9459 
9460,9702 
9703,9783 
9784,9856 
9857,10028 
10029,10070 
10071,10159 
10160,10529 
10530,10613 
10614,10752 
10753,10814 
10815,10886 
10887,10919 
10920,10973 
10974,11052 
11053,11200 
11201,11346 
11347,11434 
11435,11521 
11522,11624 
11625,11702 
11703,11764 
11765,11984 
11985,12046 
12047,12139 
12140,12287 
12288,12386 
12387,12442 
12443,12589 
12590,12654 
12655,12748 
12749,12813 
12814,12863 
12864,12997 
12998,13095 
13096,13455 c
13456,14070 cccpp
14071,14206 c
14071,14206 ---++ # not 1:1
14207,14348 
14349,14475 c
14476,14709 
14710,14883 c
14710,14883 --++- # not 1:1
14884,15055 
15056,15338 c
15056,15338 ---++
15056,15338 Q 5
15339,15717 
15718,15768 
15769,15825 
15826,15913 
15914,16065 c # pcccp
15914,16065 +---+ # not 1:1
16066,16138 
16139,16346 
16347,16587 
16588,16623 
16624,16784 
16785,16876 
16877,16989 
16990,17096 c
16990,17096 +---+ # not 1:1
17097,17187 
17188,17292 c
17188,17292 ---++
17293,17411 
17412,17465 
17466,17559 c
17466,17559 --++- # not 1:1
17560,17613 
17614,17692 
17693,18089 
18090,18192 c
18090,18192 +---+ # not 1:1
18193,18319 
18320,18598 
18599,18654 c
18599,18654 ++--- # not 1:1
18655,18733 
18734,18830 
18831,18933 
18934,18979 
18980,19059 cccpp
18980,19059 -#--++
19060,19079 c
19060,19079 +--++
19080,19194 c
19080,19194 ---++
19195,19663 cccpp
19664,19759 
19760,19897 
19898,20369 
20370,20457 
20458,20524 
20525,20614 
20615,20687 
20688,20797 
20798,20895 
20896,21036 
21037,21131 
21132,21529 
21530,21613 
21614,21667 
21668,21887 
21888,21958 
21959,22028 
22029,22400 
22401,22574 
22575,22724 
22725,22873 
22874,22937 c # pcccp
22874,22937 +---+ # not 1:1
22938,23013 
23014,84246 

84247,85863 c # keyframe
85864,85953 c
85954,86104 c
85954,86104 +

