# S02E09

0,1140 cccpp
1034 +
1216,1225 cppcc
1226,1234 pcccp
1235,1242 ccppc
1243,1250 ccppc
1251,1258 ppccc
1259,1266 pcccp
1267,1274 ppccc
1275,1282 ppccc
1283,1290 pcccp
1291,1297 cccpp
1298,1304 ppccc
1305,1311 pcccp
1312,1318 cccpp
1319,1325 ccppc
1326,1332 cppcc
1333,1340 ppccc
1341,1346 ppccc
1347,1353 ccppc
1354,1359 c
1360,1364 pcccp
1365,1370 ccuccc
1371,1379 +
1380,1388 +
1389,1397 ccppc
1398,1403 cppcc
1404,1409 pcccu
1404,1409 +---+
1410,1418 ccppc
1410,1418 --++-
1419,1425 ppccc
1419,1425 ++---
1426,1431 c
1432,1437 pcccp
1432,1437 +---+
1438,1459 c
1460,1465 cccpp
1460,1465 ---++
1466,1474 c
1466,1474 ++---
1475,1510 c
1475,1510 +
1511,1519 pcccp
1511,1519 +---+
1520,1525 pcccp
1520,1525 +---+
1526,1534 ppccc
1526,1534 ++---
1535,1545 c
1546,1572 ccppc
1546,1572 --++-
1573,1612 pcccp
1573,1630 +---+
1631,1824 c

1825,2085 pcccp # keyframe
2075,2098 + # crossfade
2086,2756 ppccc
2757,2841 cppcc
2842,2967 cppcc
2968,3336 ppccc
3337,3426 c
3427,3483 cppcc
3484,3573 c
3574,3885 ppccc
3886,3970 c
3971,4179 pcccp
4180,4278 c
4279,4368 pcccp
4369,4469 cppcc
4470,4720 ccppc
4470,4720 --++- # still combed
4721,4827 ppccc
4828,5058 pcccp
5059,5178 c
5179,5338 pcccp
5339,5813 ppccc
5814,5941 ppccc
5942,6068 ccppc
6069,6368 c # already deinterlaced
6369,6506 pcccp
6369,6506 +---+ # still combed
6507,6651 ppccc
6652,6775 ppccc
6776,6894 cccpp
6895,6945 ccppc
6946,7055 cppcc
7056,7124 pcccp
7125,7217 ppccc
7218,7337 pcccp
7338,7372 cppcc
7373,7453 pcccp
7454,7497 ppccc
7498,7601 cppcc
7602,7708 pcccp
7709,7785 ppccc
7786,8264 pcccp
8265,8357 cppcc
8358,8487 ppccc
8488,8518 cccpp
8519,8549 ppccc
8550,8605 cppcc
8606,8657 cccpp
8658,8739 cccpp
8740,8971 pcccp
8972,9036 pcccp
9037,9157 pcccp
9158,9336 ppccc
9337,9464 pcccp
9465,9516 ccppc
9517,9647 pcccp
9648,9715 c # ?
9716,9938 cccpp
9939,10145 cppcc	 
10146,10292 ccppc
10293,10345 ppccc
10346,10389 pcccp
10390,10498 pcccp
10499,10646 ppccc
10647,10743 ppccc
10744,10864 ccppc
10865,10994 c # ppccc # sand storms run at 29.97 and always have to be deinterlaced
10865,10994 ++---
10995,11094 pcccp
11095,11241 c # cppcc
11095,11241 -++--
11242,11333 pcccp
11334,11541 c # ccppc
11334,11541 --++-
11542,11734 cppcc
11735,11952 ccppc
11953,12099 c
12100,12869 c
12100,12869 -++--
12834,12869 + # fade-out
12870,13182 c
13183,13415 cppcc
13416,13728 cccpp
13729,13879 cppcc
13880,14226 cccpp
14227,14283 ppccc
14284,14435 cccpp
14436,14562 ccppc
14563,14685 cccpp
14686,14696 ppccc
14686,14696 ++---
14697,14706 cccpp
14697,14706 ---++
14707,14739 ppccc
14740,14924 pcccp
14925,14994 cccpp
14995,15195 cppcc
14995,15195 -++-- # still combed
15196,15259 ccppc
15260,15315 cppcc
15316,15782 cccpp
15783,16147 ppccc
16148,16332 c
16333,16459 c
16460,16551 c
16552,16613 ppccc
16614,16696 c
16697,16858 pcccp
16859,17113 ccppc
17114,17249 cccpp
17250,17337 cccpp
17338,17449 cppcc
17450,17594 cppcc
17595,17809 cppcc
17810,18215 ccppc
18216,18319 ccppc
18320,18363 ccppc
18364,18420 ccppc
18421,18494 ccppc
18495,18566 c # pcccp # not 1:1
18495,18566 +---+
18567,18698 c
18699,18764 cppcc
18765,18796 pcccp
18765,18796 +---+
18797,18863 c
18864,18955 ccppc
18956,19075 pcccp
18956,19075 +---+
19076,19147 ppccc
19148,19301 ppccc
19302,19408 pcccp
19409,19541 cccpp
19542,19606 pcccp
19607,19681 ppccc
19682,19869 ppccc
19870,19931 c
19932,19974 c
19975,20033 c
20034,20113 c
20114,20192 c
20193,20330 c
20331,20397 c
20398,20432 c
20433,20589 c
20590,20634 c
20635,20724 c
20725,21158 c
21159,21266 c
21267,21542 cccpp
21543,21637 c
21638,21727 c
21728,21840 c
21841,21926 ccppc
21927,22136 pcccp
21927,22136 +---+
21927,22136 Q 5

#TODO

22137
22266
22395
22476
22550
22625
#22625,22690 c
22691
22735
22853
22902
22944
23018
23197
23257
23325
23397
23427
23594
23673
23824
23868
23892
23911
23939
#23968,24005 ---++
24006
24554
24641
#24641,24762 -++--
24763
24871
24990
25055
25233
25324
25399
25505
25553
25898
26047,26360
26047,26085 + # fade-in
26361
27268
27725
27801
28211
28622
28681
28771
28918
29009
29113
29198
29408
29598
29798
29890
30125
30338
30424
30639
30710
30973
31050
31233
31318
31400
31869
32005
32057
32131
32257
32318
32425
32708
32830
32915
33031
33385
33718
33853
34057
34117
34194
34299
34461
34548
34734
35015
35066
35180
35285
35350
35517
35647
35747
35831
36018
36081
36354
36441
36665
36848
36900
37071
37153
37607
37722
37849
37918
37992
38046
38104
38198
38325
38447
38492,38629
38599,38629 + # fade-out
38630
39075
39358
39588
39784
40545
40674
40755
40868
41027
41111
41246
41296
41395
41483
41532
41590
41659
41782
41825
41946
41997
42048
42093
42171
42303
42389
42531
42783
42848
42989
43060
43092
43128
43215
43412
43521
43687
43892
43994
44108
44259
44371
44479
45001
45165
45326
45659
45819
46004
46086
46127
46175
46263
46462
46653
46728
46860
46943
47097
47305
47387
47489
47622
47653
47735
47900
48086
48176
48357
48488
48560
48676
48761
48877
48931
#48931,49073 -
49074
49148
#49148,49209 -
49210
49272
#49272,49450 -
49451
49557
#49557,49619 -
49620
49661
50245
50344
50410
50656
50786
#50786,51081 -
51082
51279
51460
51573
51687
51746
51975
52059
52104
52284,52549 
52284,52314 + # fade-in
52550
53910
54312
54566
54801
54944
55165
#55165,55395 c
#55165,55395 --++-
55396
55480
55585
55726
56057
56698
56893
57363
57657
57766
58162
58206
58585
58652
#58652,59017 --++-
59018
59890
59934
60320
60363
60463
60772
60848
60950
61000
61141
61402
61844
61901
62940
63876
63931
63973
64141
64566
64734
64907
65013
65112
65258
65379
65448
65597
65694
65854
65932
66160
66221
66336
66437
66555
66733
66803
67078
67174
67270
67489
67553
67703
67801
68106
68212
68388
68438
68481
68644
68768
68815
68983
69092
69199
69246
69345
69394
69461
69526
69634
69673
69773
69851
69931
69977
70067
70121
70417,71043
71006,71043 + # fade-out
71044
71106
71306
71399
71480
71719
71865
71990
72182
72305
72456
72541
72647
72877
72945
73058
73192
73504
73797
#73797,73984 +---+
73985
#73985,74289 ---++
74290
74414
74487
74607
74892
#74892,75030 --++-
#74892,75030 c
75031
75098
75167
75248
75300
#75300,75385 -++--
75386
75471
#75471,75526 ---++
75527
75651
75791
76045
76251
76360
#76360,76490 --++-
76491
76560
76867
77024
77129
77273
77377
77478
77704
77760
77819
77844
77892
77934
77989
78028
78077
#78077,78090 ---++
78091
78099
#78099,78278 ---++
#78099,78278 Q 5
78279
78380
78550
#78550,78611 ---++
78612
78721
#78721,78746 ++---
78747
78792
78958
78996
#78996,79049 --++-
#78996,79049 Q 5
79050
79094
#79094,79223 +---+
#79094,79223 Q 5
79224
79263
#79263,79332 +---+
79333
79370
#79370,79460 +---+
79549
79604
79639
79798
79883
79904
79995
80052
80135
80779
80802
80853
80947
81047
81124
81165
81217
81276
#81276,81374 +---+
81375
81645
81701
81750
81861
82100
82335
#82335,82445 +---+
82446
#82446,82556 -++--
#82446,82556 Q 6
#82446,82556 c
82557
82624
82688
82731
82805
#82900,82959 ++---
#82928,83051 ++++-
#82900,83051 c
83052
83293
83477
83550
83733
83956
84093,84243
84207,84243 + # fade-out

84244,85863 c # keyframe
85864,85953 c
85954,86043 c
85954,86043 +




