Type int
Default 0

R 300 412 3
R 425 596 3
R 681 743 3
R 801 952 3
R 1023 1195 3
R 2518 2704 3
R 2835 3634 3
R 6030 6089 3
R 6947 7221 3
R 7411 13161 3
R 13340 13490 2
R 13491 16532 3
R 16661 16914 3
R 17025 17103 3
R 17190 17295 3
R 17378 17428 3
R 17499 19031 3
R 19146 19387 3
R 19459 19504 3
R 19545 19579 3
R 19749 19809 3
R 19937 20080 3
R 20357 20452 3
R 20495 21116 3
R 24120 26203 3
R 27525 28785 3
R 31805 31996 3
R 34292 34579 3
R 34740 40799 3
R 41397 41656 3
R 41853 44627 3
R 45047 45399 3
R 45400 45470 1
R 45471 45543 3
R 45544 45849 1
R 45850 45953 3
R 46461 47034 3

R 58449 59410 1
R 59411 59472 3