Type int
Default 0

R 0 256 3
R 257 1834 1
R 3625 5234 3
R 5386 9725 3
R 9874 10009 3
R 10126 10382 3
R 10438 11879 3
R 11964 15859 3
R 15980 16246 3
R 16317 17016 3
R 17217 17490 3
R 17640 19969 3
R 20740 21224 3
R 21330 23587 3
R 23588 26333 3
R 26481 29529 3
R 29673 30939 3
R 31169 32460 3
R 32667 33110 3
R 33152 33949 3
R 34076 34616 3
R 34670 34711 3
#R 34840 34958 1
R 34959 35527 3
R 35669 40040 3
R 40135 43588 3
R 43589 49009 3
R 49101 54920 3
R 55030 63917 3
R 64308 67413 3
R 67944 72156 3
R 72278 72518 3
R 72607 80696 3
R 80772 81528 3
R 81619 85149 3