Type int
Default 0

R 984 2869 3
R 2917 3116 3
R 3300 3337 3
R 4926 5081 1
R 6764 6852 3
R 7561 8098 3
R 8219 8333 3
R 8494 8607 3
R 8724 8822 3
R 11132 16237 3
R 16358 17893 3
R 20912 21513 3
R 22251 22919 3
R 23355 45099 3
R 45276 46625 3
R 46686 46745 3
R 46746 46774 2
R 46775 52043 3
R 52116 58224 3
R 58397 62892 3
R 62973 63990 3
R 64102 64885 3
R 64999 67219 3
R 67371 68565 3
R 68705 77521 3
R 77924 78463 3
R 79487 79603 3
R 79786 79852 3
R 79953 80023 3
R 80612 80940 3
R 80991 81609 3
R 81736 81836 3
R 81872 81914 3
R 82046 82108 3
R 82165 82184 3
R 82257 82285 3
R 82314 82377 3
R 82420 82618 3
