Type float
Default 0

R 177 203 0.5
R 349 468 0.5
R 1186 1230 0.5
R 3659 3705 0.25
R 3736 3781 0.25
R 5677 5976 0.5
R 8052 8355 0.25
R 8572 8887 0.25
R 17558 18382 0.25
R 18383 18611 0.25
R 18612 18699 0.25
R 18700 18824 0.75
R 18825 18934 0.25
R 19134 19269 0.25
R 19811 19847 0.75
R 19848 20049 0.75
R 20050 20152 0.75
R 20153 20225 0.25
R 20226 20327 0.25
R 21739 21897 0.5
R 22134 22287 0.75
R 23545 23786 0.5
R 23903 23988 0.5
R 24240 24266 0.5
R 25588 25721 0.5
R 25863 25952 0.25
R 28769 29370 0.25
R 31964 32374 0.25
R 35809 35909 0.75
R 35954 36039 0.75
R 36070 36168 0.25
R 36257 36399 0.75
R 36913 36992 0.25
R 37704 38289 0.25
R 38989 39055 0.25
R 39090 39134 0.25
R 39206 39332 0.25
R 39403 39509 0.25
R 39978 40427 0.25
R 40428 40489 0.25
R 40542 40603 0.25
R 40638 40704 0.25
R 40761 40818 0.25
R 42143 42317 0.25
R 42750 43118 0.5
# these scenes are terrible
R 44038 44127 1.00
R 45692 45879 1.00
R 46859 46974 0.75
#
R 47119 47282 0.25
R 47513 47797 0.25
R 47798 47984 0.25
R 51066 53342 0.25
R 56114 56159 1.0
R 56160 56199 0.75
R 56200 56299 0.5
R 56300 56400 0.25
R 62050 62890 0.25
R 62225 62890 0.5
R 62987 63187 0.5
R 63278 63569 0.5
R 63695 64342 0.25
R 64402 66054 0.25
R 69515 70250 0.5
R 80750 80953 0.5
R 83190 83672 0.25
R 83753 84096 0.25
