Type int
Default 0

R 334 1115 3
R 1713 2377 3
R 2389 3311 3
R 3368 3387 3
R 3460 3488 3
R 3517 3553 3
R 4924 5079 1
R 6046 6304 3
R 6695 6791 3
R 6997 7096 3
R 7225 7253 3
R 7591 7652 3
R 7752 7811 3
R 8552 9127 3
R 9431 10100 3
R 10586 10687 3
R 11473 11728 3
R 12445 12611 2
R 12612 13631 3
R 13746 13832 3
R 14064 15665 3
R 15832 16044 3
R 16170 16299 3
R 16385 16793 3
R 16942 17354 3
R 18577 19408 3
R 23763 24513 3
R 24814 25143 3
R 25638 27170 3
R 31033 31086 3
R 31251 32842 3
R 36322 37255 3
R 42301 42382 3
R 42590 45008 3
R 45111 46052 3
R 46081 48972 3
R 51979 52476 3
R 52557 53223 3
R 53306 53840 3
R 53980 54362 3
R 59073 64847 1
R 65186 65544 1
R 65725 66035 1
R 66175 67517 1
R 68788 69231 3
R 69273 70070 3
R 70197 70692 3
R 70791 70832 3
R 70961 71079 2
R 71080 71260 3
R 72495 73944 3
R 74510 74663 3
R 74937 76413 3
R 76535 76775 3
R 79354 80704 3
