# S03E13 Heaven and Hell

# text
0,124 
0,59 + # fade-in
125,194 ppccc # TODO
# shaky cam
195,251 pcccp # TODO
252,299 
300,412 
413,424 ccppc # TODO
425,453 
454,529 
530,571 
572,596 
597,680 ppccc # TODO
681,743 
744,800 ppccc # TODO
801,844 
845,952 
953,1022 
1023,1122 
1123,1152 
1153,1195 
1196,1275 pcccp # TODO
1276,1358 pcccp # TODO
1359,1413 cccpp # TODO
1414,1502 ppccc # TODO
1503,1745 cccpp # TODO
1746,1787 ppccc # TODO
1788,1853 ccppc # TODO
1854,1954 cccpp # TODO
1955,2019 
2020,2063 cppcc # TODO
2064,2141 ppccc # TODO
2142,2229 
2230,2340 
2341,2401 
2402,2517 
2518,2583 
2584,2662 
2663,2704 
2705,2834 
2835,2892 
2893,2936 
2937,3037 
3038,3178 
3179,3236 
3237,3304 
3305,3348 
3349,3400 
3401,3487 
3488,3522 
3523,3634 
3608,3634 

# intro

3635,4564 cppcc # keyframe
3635,4564 -
4565,4616 cccpp
4584 -
4591 -
4617,4719 ppccc
4720,4808 ccppc
4809,4841 pcccp
4839 +
4839 PP 3
4810,4841 Q 5
4842,4869 c
4842,4869 +
4870,4885 ppccc # fg 29.97, bg ppccc
4870,4885 ++---
4886,4904 cccpp
4905,4925 pcccp
4926,4949 l # all single field
4950,4969 l
4970,4984 l
4985,5003 l
5004,5025 l
5026,5054 l
5055,5081 l
5082,5102 l
5103,5123 l
4926,5123 Q 4
5124,5144 pcccp
5124,5144 +---+
5145,5155 ppccc
5145,5155 ++---
5156,5168 c # looks bad
5156,5168 +
5169,5192 l # single field
5193,5322 l # single field
5169,5322 Q 4
5323,5424 c

5425,5561 c # keyframe # text 0
5425,5458 + # fade-in
5425,5458 Q 4
# text
5562,5666 ccppc # TODO
# text
5667,5799 
# text
5800,5926 
# text
5927,6029 
6030,6089 
# text
6090,6278 
# text
6279,6396 
# text
6397,6488 
# text
6489,6652 
# text
6653,6946 
6947,7221 
7222,7410 
7411,7557 
7558,7608 
7609,7750 
7751,7798 
7799,7847 
7848,7909 
7910,8027 
8028,8248 
8249,8311 
8312,8509 
8510,8571 
8572,8627 
8628,8862 
8863,9025 
9026,9162 
9163,9216 
9217,9253 
9254,9317 
9318,9372 
9373,9453 
9454,9574 
9575,9607 
9608,9659 
9660,9717 
9718,10013 
10014,10110 
10111,10359 
10360,10483 
10484,10622 
10623,10765 
10766,10880 
10881,11073 
11074,11158 
11159,11225 
11226,11365 
11366,11426 
11427,11467 
11468,11501 
11502,11737 
11738,11864 
11865,11940 
11941,11978 
11979,12070 
12071,12120 
12121,12188 
12189,12434 
12435,12512 
12513,12544 
12545,12661 
12662,12765 
12766,12827 
12828,12967 
12968,13014 
13015,13091 
13092,13129 
13130,13161 
13162,13319 
13320,13339 c
13320,13339 + # crossfade
13340,13490 
13491,14696 
14697,14898 
14899,15057 
15058,15207 
15208,15267 
15268,15335 
15336,15476 
15477,15569 
15570,15798 
15799,16532 
16533,16660 
16661,16754 
16755,16846 
16847,16914 
16915,17024 
17025,17103 
17104,17189 
17190,17295 
17296,17377 
17378,17428 
17429,17498 
17499,17828 
17829,17909 
17910,18031 
18032,18116 
18117,18254 
18255,18312 
18313,18394 
18395,18632 
18633,18716 
18717,18970 
18971,19031 
19032,19145 
19146,19277 
19278,19341 
19342,19387 
19388,19458 
19459,19504 
19505,19544 
19545,19579 
19580,19748 
19749,19809 
19810,19936 
19937,20004 
20005,20080 
20081,20356 
20357,20452 
20453,20494 
20495,20531 
20532,20582 
20583,20633 
20634,20761 
20762,20834 
20835,21116 
21117,21274 
21275,21692 pcccp # TODO
21693,21827 ppccc # TODO
21828,22380 pcccp # TODO
22381,22460 cccpp # TODO
22461,22620 ccppc # TODO
22621,22718 cppcc # TODO
22719,23089 cppcc # TODO
23090,23178 pcccp # TODO
23179,23258 
23259,23366 cccpp # TODO
23367,23413 cppcc # TODO
23414,23445 cppcc # TODO
23446,23475 ppccc # TODO
23476,23605 cppcc # TODO
23606,23999 cccpp # TODO
24000,24029 c
24000,24029 + # crossfade
24030,24119 
24120,24445 
24446,24485 
24486,24574 
24575,24682 
24683,25063 
25064,25151 
25152,25208 
25209,25389 
25390,25478 
25479,25693 
25694,25831 
25832,26203 
26204,26789 ppccc # TODO
26790,27013 cccpp # TODO
27014,27327 pcccp # TODO
27328,27524 
27525,27630 
27631,28166 
28167,28358 
28359,28405 
28406,28527 
28528,28623 
28624,28678 
28679,28785 
28786,29311 
28786,28812 + # fade-in
29312,29501 ppccc # TODO
29502,29633 
29634,29827 cccpp # TODO
29828,30109 cppcc # TODO
30110,30248 
30249,30450 ppccc # TODO
30451,30570 cppcc # TODO
30571,30846 cppcc # TODO
30847,30894 pcccp # TODO
30895,30974 cccpp # TODO
30975,31106 ccppc # TODO
31107,31170 ccppc # TODO
31171,31394 pcccp # TODO
31395,31684 cccpp # TODO
31685,31804 
31805,31996 
31997,32072 pcccp # TODO
32073,32219 ppccc # TODO
32220,32289 cccpp # TODO
32290,32331 
32332,32557 ppccc # TODO
32558,32604 pcccp # TODO
32605,32689 pcccp # TODO
32690,32872 pcccp # TODO
32873,32961 ccppc # TODO
32962,33282 ppccc # TODO
33283,33459 pcccp # TODO
33460,33568 pcccp # TODO
33569,34148 pcccp # TODO
34149,34291 cccpp # TODO
34292,34402 
34403,34579 
34580,34669 
34670,34739 ccppc # TODO
34740,34829 
34830,35354 
35355,35450 
35451,35517 
35518,35591 
35592,35758 
35759,35816 
35817,35987 
35988,36079 
36080,36501 
36502,36562 
36563,36737 
36738,36784 
36785,36841 
36842,36933 
36934,36967 
36968,37098 
37099,37245 
37246,37441 
37442,37572 
37573,37759 
37760,38022 
38023,38139 
38140,38384 
38385,38497 
38498,38596 
38597,38760 
38761,38938 
38939,39064 
39065,39105 
39106,39167 
39168,39400 
39401,39695 
39696,39838 
39839,40009 
40010,40202 
40203,40258 
40259,40347 
40348,40400 
40401,40516 
40517,40672 
40673,40799 
40800,41020 
41021,41396 cccpp # TODO
41397,41506 
41507,41656 
41657,41852 cppcc # TODO
41853,42220 
42221,42275 
42276,42388 
42389,42440 
42441,42468 
42469,42513 
42514,42561 
42562,42654 
42655,42727 
42728,42808 
42809,42851 
42852,42883 
42884,42968 
42969,43026 
43027,43244 
43245,43336 
43337,43426 
43427,43465 
43466,43742 
43743,43833 
43834,43921 
43922,43979 
43980,44063 
44064,44186 
44187,44220 
44221,44295 
44296,44355 
44356,44459 
44460,44627 
44628,44821 ccppc # TODO
44822,44867 
44868,44944 ccppc # TODO
44945,44984 
44985,45046 cppcc # TODO
45047,45107 
45108,45171 
45172,45207 
45208,45237 
45238,45399 
45400,45470 
45471,45543 
45544,45603 
45604,45670 
45671,45801 
45802,45849 
45850,45882 
45883,45953 
45954,46031 cppcc # TODO
46032,46264 ccppc # TODO
46265,46401 ccppc # TODO
46402,46460 ccppc # TODO
46461,46681 
46682,46789 
46790,46859 
46860,47034 
47035,47130 
47131,47232 
47233,47335 cppcc # TODO
47336,47374 cppcc # TODO
47375,47458 cccpp # TODO
47459,47571 
47572,47619 cccpp # TODO
47620,47767 cppcc # TODO
47768,47851 pcccp # TODO
47852,48087 pcccp # TODO
48088,48140 cppcc # TODO
48141,48208 cppcc # TODO
48209,48367 ccppc # TODO
48368,48485 ccppc # TODO
48486,48541 ppccc # TODO
48542,48699 
48700,48816 pcccp # TODO
48817,49003 cppcc # TODO
49004,49270 cppcc # TODO
49271,49399 cccpp # TODO
49400,49507 ccppc # TODO
49508,49826 cppcc # TODO
49827,49949 ppccc # TODO
49950,50007 pcccp # TODO
50008,50114 ppccc # TODO
50115,50253 cppcc # TODO
50254,50454 
50455,50667 
50668,50723 
50724,50805 
50806,50893 
50894,50975 
50976,51041 
51042,51109 
51110,51184 
51185,51303 
51304,51462 
51463,51599 
51600,51778 
51779,51950 
51951,52013 
52014,52180 
52181,52274 
52275,52338 
52339,52482 
52483,52514 
52515,52551 
52552,52609 
52610,52679 
52680,52718 
52719,52807 
52808,52852 
52853,52931 
52932,53003 
53004,53037 
53038,53069 
53070,53092 
53093,53162 
53163,53269 
53270,53342 
53343,53462 
53463,53498 
53499,53540 
53541,53600 
53601,53689 
53690,53767 
53768,53892 
53893,54004 
54005,54071 
54072,54219 
54220,54279 
54280,54321 
54322,54397 
54398,54510 
54511,54538 
54539,54554 
54555,54581 
54582,54604 
# ?
54605,54655 
54656,54770 
54771,54806 
54807,54862 
54863,55189 
55190,55204 
55205,55243 
55244,55276 
55277,55320 
55321,55352 
55353,55397 
55398,55437 
55438,55462 
55463,55519 
55520,55541 
55542,55613 
55614,55653 
55654,55697 
55698,55748 
55749,55774 
55775,55802 
55803,55959 
55960,56054 
56055,56161 
56162,56221 
56222,56265 
56266,56304 
56305,56380 
56381,56417 
56418,56522 
56523,56621 
56622,56680 
56681,56852 
56853,56927 
56928,57016 
57017,57069 
57070,57114 
57115,57190 
57191,57329 
57330,57437 
57438,57473 
57474,57502 
57503,57515 
57516,57529 
57530,57623 
57624,57967 
57968,58127 
58128,58432 c # best version of the two planets orbiting each other
58128,58155 + # fade-in
58128,58155 Q 5
58342,58356 + # crossfade
58342,58356 Q 5
58433,58448 c # crossfade
58449,58658 l
58659,58795 
58796,58855 
58856,58915 
58916,58982 
58983,59113 
59114,59180 
59181,59374 
59375,59391 
59392,59410 
59411,59472 l
59473,59542 cppcc # TODO
59543,59588 
59589,59635 
59636,59700 
59701,59782 pcccp # TODO
59783,59920 
59921,60014 ppccc # TODO
60015,60153 
60154,60213 
60214,60258 
60259,60409 
60410,60521 
60522,60587 
60588,60714 
60715,60774 
60775,60984 
60985,61017 
61018,61041 
61042,61153 
61154,61303 
61304,61443 
61444,61582 
61583,61635 
61636,61739 
61740,61791 
61792,62010 
62011,62100 
62101,62150 
62151,62204 
62205,62258 
62259,62299 
62300,62333 
62334,62368 
62369,62421 
62422,62488 
62489,62642 
62643,62688 
62689,62786 
62787,62831 
62832,62939 
62940,63055 ccppc # TODO
63056,63120 pcccp # TODO
63121,63315 
63316,63373 
63374,63441 
63442,63474 
63475,63646 
63475,63497 + # fade-in
63647,63710 
63711,63874 
63839,63874 + # fade-out
63875,63940 
63941,63978 
63979,64150 
64151,64212 
64213,64289 
# shaky cam
64290,64431 
64432,64674 
64675,64762 
64763,64847 
64848,64977 
64978,65029 
65030,65101 
65102,65242 
65243,65399 
65400,65579 
65580,65682 
65683,65742 
65743,65849 
65850,65900 
65901,66101 
66102,66233 
66234,66463 
66464,66534 
66535,66668 
66669,66736 
66737,66868 
66869,67008 
67009,67041 
67042,67103 
67104,67256 
67257,67324 
67325,67381 
67382,67531 ccppc # TODO
67532,67591 
67592,67701 
67702,67977 
67978,68054 
68055,68277 
68278,68357 
68358,68492 
68493,68569 
68570,68688 
68689,68783 
68784,68917 
68918,69032 cccpp # TODO
69033,69089 
69090,69220 
69221,69283 
69284,69413 
69414,69530 
# combed explosion
69531,69665 
# shaky cam
69666,69753 
69754,69821 
69822,69883 
69884,70043 
70044,70137 
70138,70336 
70337,70420 
70421,70528 
70529,70568 
70569,70635 
70636,70916 
70917,70987 
70988,71254 
71255,71326 
71327,71576 
71577,71651 
71652,72012 
72013,72133 
72134,72206 
72207,72273 
72274,72326 
72327,72405 
72406,72456 
72457,72534 
72535,72574 
72575,72682 
72683,72892 
72893,73607 
73608,73677 
73678,73857 
73858,74120 
74121,74158 
74159,74314 
74315,74398 
74399,74993 
74994,75040 
75041,75550 
75551,75717 
75718,75764 
75765,75934 
75935,76090 
76091,76210 
76211,76256 
76257,76307 
76308,76368 
76369,76439 
76440,76588 
76589,76653 
76654,76897 
76898,77137 
77138,77365 
77366,77411 
77412,77491 
77492,77616 
77617,77944 
77945,78053 
78054,78190 
78191,78263 
78264,78348 
78349,78395 
78396,78460 
78461,78568 
78569,78705 
78678,78735 + # crossfade
78678,78735 Q 5
78706,78974 
78975,79059 
79060,79160 
79161,79197 
79198,79244 
79245,79302 
79303,79453 
79454,79480 
79481,79600 
79601,79733 
79734,79818 
79819,79932 
79933,80027 
80028,80085 
80086,80254 
80255,80308 
80309,80345 
80346,80459 
80460,80523 
80524,80638 
80639,80895 
80896,80972 
80973,81055 
81056,81182 
81183,81244 
81245,81364 
81365,81511 
81512,81547 
81548,81569 
81570,81740 
81741,81792 
81793,82186 
82187,82513 
82514,82858 
82859,83016 
83017,83261 
83262,83324 c
83309,83324 + # fade-out
#83309,83324 Q 5

83325,85943 c # keyframe
85944,86024 c
85944,86024 +


