Type int
Default 0

R 110 2186 3
R 3475 3630 1
R 4589 4658 3
R 4992 5264 3
R 5314 5348 3
R 5428 5455 3
R 5533 5638 3
R 5679 5704 3
R 5726 5771 3
R 5899 6111 3
R 6373 7135 3
R 7211 8112 3
R 8258 9983 3
R 10473 10693 3
R 10770 12294 3
R 12295 12569 2
R 12570 13435 3
R 13529 18171 3
R 18217 22402 3
R 22526 24975 3
R 25228 30142 3
R 30179 31929 3
R 32003 61984 3
R 62157 70023 3
R 70098 70520 3
R 70521 70703 1
R 70704 71400 3
R 71401 71472 4
R 71473 71795 3
R 71875 72845 3
R 72981 73536 3
R 73722 75508 3
R 75617 75808 3
R 75920 76117 3
R 76456 77321 3
R 77501 79379 3
R 79571 84067 3

