Type float
Default 0.5

R 5497 8309 0.5
R 6217 6334 0.75
R 6658 6740 0.75
R 6741 6888 0.25
R 6889 7014 0.0
R 7015 7244 0.75
R 7340 7421 0.25
R 7495 7667 0.25
R 7747 7828 0.25
R 7929 7978 0.25
R 8091 8131 0.25
R 8132 8182 0.0
R 8183 8215 0.25
R 8238 8309 0.25
R 16563 17783 0.5
R 17940 18224 0.5
R 18318 18403 0.5
R 22573 22657 0
R 22483 22572 0.5
R 23133 23268 0.5
R 23227 23250 0.75
R 23626 23704 0.5
R 23864 24003 0.5
R 24807 25012 0.25
R 27447 27563 0.5
R 27600 27651 0.5
R 27771 27793 0.5
R 27968 28053 0.5
R 28079 28126 0.5
R 28231 28300 0.5
R 28676 28922 0.5
R 32380 32721 0.5
R 32891 33114 0.5
R 34473 35444 0.5
R 36346 36430 0.5
R 36938 37089 0.5
R 38506 38663 0.25
R 38769 38831 0.25
R 39246 39380 0.25
R 40852 41203 0.5
R 41587 41863 0.5
R 41998 42288 0.5
R 47294 47395 0.25
R 47396 47576 0.5
R 47577 48240 0.25
R 48983 49324 0.25
R 53615 53769 0.25
R 55291 55434 0.5
R 57064 57121 0.25
R 57737 57962 0.5
R 59333 59460 0.25
R 60178 60339 0.25
R 60340 60712 0.25
R 61192 61269 0.25
R 68543 73568 0.5
R 68951 69640 0.25
R 69943 70187 0.25
R 70370 72891 0.25
R 73073 73568 0.25
R 73569 73653 0.25
R 73654 73753 0.5
R 75060 75170 0.25
R 75826 75960 0.5
R 81033 81477 0.25
R 81643 81687 0.25
R 82125 82215 0.25
R 82500 82593 0.5
R 82594 82680 0.5
R 83235 83307 0.5
