Type int
Default 0

R 0 53 3
R 171 336 3
R 722 1572 3
R 1689 2382 3
R 2923 3634 3
R 7381 14897 3
R 14964 16427 3
R 16603 23368 3
R 23458 24091 3
R 24193 24435 2
R 24436 29495 3
R 29709 30357 3
R 30518 30915 3
R 31094 31897 3
R 32025 32327 3
R 32381 38353 3
R 38450 38814 3
R 38921 44889 3
R 44983 45082 3
R 45159 45253 3
R 45400 45476 3
R 45537 46291 3
R 46359 46506 3
R 46592 46662 3
R 46706 46762 3
R 46853 47082 3
R 47177 47514 3
R 47533 47655 3
R 47819 48730 3
R 48817 49072 3
R 49129 49312 3
R 49376 49436 3
R 49549 49603 2
R 49667 53407 3
R 53491 53539 3
R 53599 57207 3
R 57315 57533 3
R 57729 60582 3
R 60662 61330 3
R 61401 62026 3
R 62206 62443 3
R 62514 63344 3
R 63485 64343 3
R 64667 66992 3
R 67611 68110 3
R 75783 76174 3
R 80672 80806 3
R 80974 81288 3
R 81408 82242 3
