#S01E03

0,954 cccpp
#0,954 ---++ # text runs at 29.97 and should be deinterlaced on p frames, TODO: pick only the most obvious cases
659 - # MIC = 90
955,1857 ppccc
1858,2271 ppccc
2272,2309 c
2272,2309 + # fade-out
2310,2755 c

2756,2917 c # keyframe
2909,2942 + # crossfade, c + cccpp
2918,3261 cccpp
3254,3263 + # crossfade, cccpp + c
3262,3308 c
3309,3344 + # crossfade, c + cccpp
3309,3368 cccpp
3368,3405 + # crossfade, pcccp + ccppc
3369,3535 cppcc
3536,3559 c
3541,3550 +
3541,3550 Q 5
3560,3587 cppcc
3588,3609 ppccc
3610,3644 ppccc
3645,3659 c
3645,3659 +
3660,3694 ppccp # mid ppccc, side pcccp, drop 5th
3695,3744 pcccp
3745,3799 cccpp
3800,3891 cccpp
3892,3967 ccppc
3892,3967 - # MIC high
3968,4008 cppcc
4009,4077 ppccc
4078,4102 pcccp
4103,4121 ppccc
4122,4131 pcccp
4132,4196 ccppc
4197,4228 ppccc
4229,4326 ccppc
4327,4359 cppcc
4360,4407 ccppc
4408,4451 c
4408,4427 +
4408,4427 Q 5
4452,4522 cccpp
4523,4549 pcccp
4550,4589 cppcc
4590,4690 cppcc
4691,4745 pcccp
4746,4801 ppccc
4802,4945 ccppc
4946,4994 cccpp
4995,5007 ppccc
5008,5067 cccpp
5068,5080 cccpp
5068,5080 +
5068,5080 Q 5
5081,5093 pcccp
5094,5121 cccpp
5122,5158 c
5122,5158 +
5122,5158 Q 5
5159,5179 cccpp
5180,5195 pcccp
5196,5217 pcccp
5218,5252 ppccc
5253,5285 cppcc
5286,5345 pcccp
5346,5375 cccpp
5376,5387 ppccc
5388,5413 cccpp
5414,5420 cppcc
5421,5433 cppcc
5434,5439 pcccp
5440,5446 cppcc
5447,5453 pcccp
5454,5460 cccpp
5461,5465 cccpp
5466,5477 cppcc
5478,5487 ppccc
5488,5499 ccppc
5500,5547 cppcc
5548,5573 ccppc
5574,5589 cccpp
5590,5610 ccppc
5611,5633 cccbb # ?
5634,5666 cppcc
5667,5774 pcccp
5671,5677 +
5671,5677 Q 5
5732,5738 +
5732,5738 Q 5
5775,5833 c
5786,5833 +
5834,5864 pcccp
5865,5875 cppcc
5876,5908 pcccp
5909,5950 ppccc
5951,5998 ccppc
5999,6023 pcccp
6024,6074 pcccp
6075,6118 pcccp
6119,6129 cppcc
6130,6151 ppccc
6152,6203 ccppcpucccpccppcccp # yep
6152,6162 + # fade-in
6152 Q 2
6208,6263 pcccp
6264,6338 cccpp
6339,6380 pcccp
6381,6438 pcccp
6439,6519 pcccp
6520,6588 cppcc
6589,6607 ccppc
6608,6636 cppcc
6637,6657 cppcc
6658,6666 ccppc
6667,6688 pcccp
6689,6723 c
6689,6723 +
6724,6740 ppccc
6741,6796 ccppc
6797,6847 ppccc
6848,6896 cccpp
6897,6927 ppccc
6928,6969 pcccp
6970,6998 ccppc
6999,7040 ccppc
7041,7066 cppcc
7067,7114 pcccp
7115,7163 ccppc
7155,7164 + # crossfade
7164,7217 pccpp # cccpp + pcccp, drop every 4th
7165,7217 -
7211,7240 + # crossfade
7218,7336 ccpcc # 1-2 wrong, no match
7218,7336 ++---
7337,7460 pcccp
7461,7489 ppccc
7490,7549 ccppc
7550,7599 ccppc
7600,7634 ccppc
7635,7667 pcccp
7668,7711 cccpp
7712,7776 cppcc
7777,7914 cppcc
7915,8024 ccppc
8025,8075 cccpp
8076,8107 c
8076,8107 Q 5
8083,8089 +-
8099,8105 +-
8108,8134 ccppc
8135,8162 pcccp
8163,8199 cccpp
8177 - # MIC = 180
8200,8257 ccppc
8258,8283 c
8284,8311 ccppc
8312,8327 ppccc
8328,8427 ccppc
8428,8463 ppccc
8464,8511 cppcc
8512,8522 ccppc
8523,8540 pcccp
8541,8558 pcccp
8559,8572 pcccp
8573,8583 cccpp
8584,8602 cccpp
8603,8624 ccppc
8625,8628 ppccc
8629,8646 pcccp
8647,8650 pcccp
8651,8669 ppccc
8670,8691 cppcc
8692,8709 ppccc
8710,8732 c
8733,8750 ccppc
8751,8772 pcccp
8773,8794 ppccc
8795,8829 ppccc
8830,8880 cccpp
8881,8913 cccpp
8914,8976 ppccc
8968,8996 + # crossfade
8977,9506 ppccc
9507,9712 c

9713,9969 ccppc # keyframe
9970,10045 
10046,10274 
10275,10454 
10455,10801 
10802,11003 
11004,11331 
11332,11563 
11564,11612 
11613,11794 
11795,11869 
11870,12027 
12028,12133 
12134,12241 
12242,12515 
12516,12656 
12657,12709 
12710,12772 
12773,12849 
12850,12939 
12940,13063 
13064,13324 
13325,13395 
13396,13454 
13455,13917 
13918,14000 
14001,14113 
14114,14174 
14175,14252 
14253,14309 
14310,14383 
14384,14447 
14448,14539 
14540,14695 
14696,14753 
14754,14883 
14884,15067 
15068,15133 
15134,15199 
15200,15680 
15681,15842 
15843,16083 
16084,16708 
16709,16862 
16863,16999 ppccc # fg is video but very slowly moving
16863,16999 ++---
17000,17117 c
17118,17462 cppcc
17118,17150 -++-- # starts with c + cppcc crossfade
17462,17692 
17693,17750 
17751,17836 
17837,18236 
18237,18548 
18549,19038 
19039,19299 
19300,19624 
19625,19811 
19812,19971 
19972,20066 
20067,20132 
20133,20207 
20208,20244 
20245,20312 
20313,20404 
20405,20432 
20433,20488 
20489,20541 
20542,20575 
20576,20687 
20688,20727 
20728,20784 
20785,20820 
20821,20880 
20881,20953 
20954,21061 
21062,21246 
21247,21293 
21294,21413 
21414,21502 
21503,21573 
21574,21672 
21673,22018 
22019,22150 
22151,22233 
22234,22313 
22314,22442 
22443,22551 
22552,22621 
22622,22666 
22667,22863 
22864,23442 
23443,23510 
23511,23627 
23628,23958 
23959,24119 
24120,24172 
24173,24380 
24381,24571 
24572,24630 
24631,24695 
24696,24777 
24778,24805 
24806,24906 
24907,24969 
24970,25106 
25107,25160 
25161,25213 
25214,25268 
25269,25336 
25337,25403 
25404,25447 
25448,25546 
25547,25613 
25614,25657 
25658,25714 
25715,25756 
25757,25853 
25854,25917 
25918,25999 
26000,26040 
26041,26206 
26207,26275 
26276,26361 
26362,26567 
26568,26643 
26644,26804 
26805,27036 
27037,27109 
27110,27162 
27163,27213 
27214,27259 
27260,27336 
27337,27399 
27400,27532 
27533,27637 
27638,27881 
27882,28064 
28065,28181 
28182,28683 
28684,28818 
28819,28928 
28929,29099 
29100,29188 
29189,29232 
29233,29303 
29304,29419 
29420,29521 
29522,29676 
29677,29826 
29827,30035 
30036,30286 
30287,30321 
30322,30651 
30652,30833 
30834,31018 
31019,31475 
31476,31573 
31574,31630 
31631,31698 
31699,31850 
31851,31916 
31917,32207 
32208,32536 
32537,32642 
32643,32763 
32764,32908 
32909,33097 
33098,33187 
33188,33279 
33280,33336 
33337,33498 
33499,33651 
33652,34448 
34449,34636 
34637,34713 
34714,34812 
34813,35027 
35028,35599 
35600,35730 
35731,36290 
36291,36381 
36382,36539 
36540,36651 
36652,36725 
36726,36796 
36797,37137 
37138,37374 
37375,37456 
37457,37821 
37822,38062 
38063,38151 
38152,38185 
38186,38282 
38283,38328 
38329,38424 
38425,38860 
38861,38909 
38910,39053 
39054,39381 
39382,39462 
39463,39544 
39545,39693 
39694,39750 
39751,39811 
39812,39859 
39860,39992 
39993,40056 
40057,40160 
40161,40218 
40219,40413 
40414,40641 
40642,40741 
40742,40797 
40798,40923 
40924,41063 
41064,41248 
41249,41425 
41426,41575 
41576,41669 
41670,41734 
41735,41796 
41797,41853 
41854,42439 
42440,42659 
42660,42755 
42756,42917 
42918,43032 
43033,43150 
43151,43308 
43309,43587 
43588,44081 
44082,44300 
44301,44666 
44667,44728 
44729,44840 
44841,45010 
45011,45133 
45134,45702 
45703,45894 
45895,46014 
46015,46105 
46106,47000 
47001,47297 
47298,47429 
47430,47747 
47748,47906 
47907,48128 
48129,48509 
48510,48584 
48585,48867 
48868,48950 
48951,49053 
49054,49144 
49145,49260 
49261,49307 
49308,49373 
49374,50031 
50032,50143 
50144,50276 
50277,50698 
50699,50846 
50847,50892 
50893,50946 
50947,51017 
51018,51065 
51066,51143 
51144,51215 
51216,51445 
51446,51695 
51696,51798 
51799,52700 
52701,52811 
52812,53114 
53115,53235 
53236,53508 
53509,53617 
53618,53729 
53730,53831 
53832,54019 
54020,54114 
54115,54198 
54199,54376 
54377,54457 
54458,54529 
54530,54618 
54619,54746 
54747,54825 
54826,54888 
54889,54972 
54973,55090 
55091,55195 
55196,55281 
55282,55363 
55364,55400 
55401,55436 
55437,55497 
55498,55519 
55520,55545 
55546,55631 
55632,55704 
55705,55725 
55726,55784 
55785,55832 
55833,55874 
55875,55897 
55898,55936 
55937,55968 
55969,56202 
56203,56693 
56694,57410 
57411,57468 
57469,57560 
57561,57649 
57650,57691 
57692,57746 
57747,57794 
57795,57830 
57831,57897 
57898,58084 
58085,58197 
58198,58400 
58401,58520 
58521,58570 
58571,58692 
58693,58910 
58911,59031 
59032,59153 
59154,59263 
59264,59720 
59721,60453 
60454,60575 
60576,60803 
60804,62104 
62105,62174 
62175,62250 
62251,62466 
62467,62539 
62540,62651 
62652,62772 
62773,62978 
62979,63033 
63034,63093 
63094,63309 
63310,63435 
63436,63538 
63539,63632 
63633,63795 
63796,63978 
63979,64085 
64086,64180 
64181,64459 
64460,64547 
64548,64693 
64694,64765 
64766,65073 
65074,65140 
65141,65360 
65361,65471 
65472,65657 
65658,65723 
65724,65789 
65790,66142 
66143,66420 
66421,66491 
66492,66638 
66639,66726 
66727,66795 
66796,66925 
66926,66994 
66995,67152 
67153,67576 
67577,68063 
68064,68201 
68202,68267 
68268,68470 cppcc # TODO
68432,68470 + # fade-out
68471,68519 
68520,68561 
68562,68597 
68598,68730 
68731,69146 
69147,69231 
69232,69319 
69320,69403 
69404,69558 
69559,69641 
69642,69866 
69867,69945 
69946,70033 
70034,70066 
70067,70336 
70337,70377 
70378,70438 
70439,70568 
70569,70612 
70613,70678 
70679,70759 
70760,70936 
70937,71171 
71172,71286 
71287,71512 
71513,71545 
71546,71710 
71711,71900 
71901,71947 
71948,72081 
72082,72260 
72261,72409 
72410,72478 
72479,72534 
72535,72615 
72616,72708 
72709,72817 
72818,72884 
72885,72926 
72927,73007 
73008,73199 
73200,73261 
73262,73313 
73314,73416 
73417,73506 
73507,73682 
73683,74068 
74069,74127 
74128,74187 
74188,74236 
74237,74333 
74334,74440 
74441,74597 
74598,74651 
74652,74705 
74706,74832 
74833,74916 
74917,75027 
75028,75105 
75106,75216 
75217,75263 
75264,75324 
75325,75376 
75377,75449 
75450,75493 
75494,75539 
75540,75569 
75570,75614 
75615,75653 
75654,75689 
75690,75729 
75730,75794 
75795,75850 
75851,76060 
76061,76673 
76674,76784 
76785,76882 
76883,76935 
76936,77040 
77041,77109 
77110,77150 
77151,77209 
77210,77310 
77311,77365 
77366,77422 
77423,77685 
77686,77767 
77768,77816 
77817,77979 
77980,78088 
78089,78197 
78198,78240 
78241,78318 
78319,78374 
78375,78514 
78515,78542 
78543,78636 
78637,78680 
78681,78737 
78738,78791 
78792,78838 
78839,79241 
79242,79461 
79462,79665 
79666,79755 
79756,79866 
79867,79931 
79932,79964 
79965,80068 
80069,80243 
80244,80466 
80467,80725 
80726,81094 
81095,81425 
81426,81716 
81717,81811 
81812,81926 
81927,82010 
82011,82165 
82166,82254 
82255,82307 
82308,82501 
82502,82576 
82577,82676 
82677,82736 
82737,82854 
82855,83004 
83005,83481 
83482,83811 
83812,84107 
84108,84283 
84284,84418 
84419,84521 
84522,84666 
84667,84797 
84798,84847 
84848,84894 
84895,85146 
85147,85219 
85220,85327 
85328,85435 
85436,85480 
85481,85534 
85535,85708 
85709,85786 
85787,85993 
85994,86204 
86205,86366 
86367,86456 
86457,86542 
86543,86621 
86622,86700 
86701,86788 
86789,86832 
86833,86918 
86919,86957 
86958,86995 
86996,87034 
87035,87159 
87160,87322 
87323,87433 
87434,87447 
87448,87881 
87882,87967 
87968,88028 
88029,88139 
88140,88341 
88342,88665 
88666,89374 
89375,89643 
89644,90484 
90485,91019 
91020,91082 
91083,91142 
91143,91196 
91197,91282 
91283,91377 
91378,91485 
91486,91588 
91589,91723 
91724,91868 
91869,92022 
92023,92137 
92138,92228 
92229,92324 
92325,92490 
92491,92535 
92536,92626 
92627,92727 
92728,92880 
92881,92943 
92944,92972 
92973,93426 
93427,93518 
93519,93589 
93590,93636 
93637,93774 
93775,94172 
94173,94371 
94372,94499 
94500,94569 
94570,94796 
94797,95027 
95028,95069 
95070,95152 
95153,95197 
95198,95288 
95289,95489 
95490,95584 
95585,95787 
95788,95943 
95944,96016 
96017,96188 
96189,96566 
96567,97426 
97427,97523 
97524,97607 
97608,97662 
97663,97725 
97726,97813 
97814,97911 
97912,97966 
97967,98068 
98069,98342 
98343,98385 
98386,98685 
98686,98749 
98750,98821 
98822,99084 
99085,99202 
99203,99295 
99296,99419 
99420,99480 
99481,99525 
99526,99617 
99618,99809 
99810,99872 
99873,100229 
100230,100311 
100312,100620 
100621,100704 
100705,100891 
100892,101162 
101163,101255 
101256,101455 
101456,101940 
101941,102087 
102088,102177 
102178,102272 
102273,102568 
102569,102701 
102702,102769 
102770,102913 
102914,103154 
103155,103250 
103251,103297 
103298,103494 
103495,103614 
103615,103674 
103675,103802 
103803,103849 
103850,104147 
104148,104193 
104194,104255 
104256,104319 
104320,104363 
104364,104413 
104414,104479 
104480,104582 
104583,104643 
104644,104992 
104993,105077 
105078,105175 
105176,105320 
105321,105400 
105401,105484 
105485,105523 
105524,105597 
105598,105623 
105624,105712 
105713,105748 
105749,105779 
105780,106106 
106107,106238 
106239,106364 
106365,106915 
106916,107432 
107433,107630 
107631,107712 
107713,107858 
107859,107941 
107942,108145 
108146,108227 
108228,108408 
108409,108570 
108571,108618 
108619,108771 
108772,109054 
109055,109142 
109143,109320 
109321,109454 
109455,109637 
109638,109727 
109728,109965 
109966,110225 
110226,110335 
110336,110435 
110436,110935 
110936,111430 
111431,111566 
111567,111743 
111744,111971 
111972,112116 
112117,112263 
112264,112392 
112393,112495 
112496,112580 
112581,112666 
112667,112735 
112736,112837 
112838,112957 
112958,113192 
113193,113253 
113254,113344 
113345,113430 
113431,113450 
113451,113472 
113473,113525 
113526,113586 
113587,113870 
113871,114001 
114002,114071 
114072,114134 
114135,114320 
114321,114379 
114380,114484 
114485,114554 
114555,115150 
115151,115217 
115218,116510 
116511,116640 
116641,116831 
116832,116988 
116989,117331 
117332,118064 
118065,118316 
118317,118444 
118445,118546 
118547,118822 
118823,118923 
118924,118993 
118994,119174 
119175,119223 
119224,119281 
119282,119364 
119365,119447 
119448,119513 
119514,119611 
119612,119707 
119708,119768 
119769,119837 
119838,119886 
119887,119943 
119944,119989 
119990,120507 
120508,120689 
120690,120738 
120739,120811 
120812,120947 
120948,121092 
121093,121147 
121148,121355 
121356,121475 
121476,121573 
121574,121624 
121625,121716 
121717,121788 
121789,121858 
121859,121888 
121889,121915 
121916,121958 
121959,122198 
122199,122290 
122291,122348 
122349,122511 
122512,122783 
122784,122849 
122850,123134 
123135,123221 
123222,123302 
123303,123398 
123399,123449 
123450,123519 
123520,123602 
123603,123700 
123701,123861 
123862,123937 
123938,124057 
124058,124117 
124118,124209 
124210,124293 
124294,124509 
124510,124601 
124602,124694 
124695,124751 
124752,124866 
124867,124964 
124965,125023 
125024,125142 
125143,125209 
125210,125361 
125362,125450 
125451,125802 
125803,126434 
126435,126643 
126644,127026 
127027,127250 
127251,127493 
127494,127637 
127638,127780 
127781,127855 
127856,127930 
127931,128020 
128021,128164 
128165,128234 
128235,128303 
128304,128337 
128338,128396 
128397,128483 
128484,128615 
128616,128666 
128667,128714 
128715,128763 
128764,128852 
128853,128881 
128882,128920 
128921,128954 
128955,129068 
129069,129137 
129138,129226 
129227,129344 
129345,129413 
129414,129494 
129495,129549 
129550,129626 
129627,129843 
129844,129886 
129887,130176 
130177,130218 
130219,130272 
130273,130302 
130303,130318 
130319,130363 
130364,130411 
130412,130660 
130661,130820 
130821,130863 
130864,130933 
130934,131000 
131001,131084 
131085,131229 
131230,131247 
131248,131285 
131286,131353 
131354,131457 
131458,131562 
131563,131711 
131712,132013 
132014,132148 
132149,132395 
132396,132467 
132468,132540 
132541,132592 
132593,132685 
132686,132752 
132753,132991 
132992,133067 
133068,133163 
133164,133224 
133225,133289 
133290,133341 
133342,133420 
133421,133487 
133488,133573 
133574,133719 
133720,133852 
133853,134029 
134030,134197 
134198,134567 
134568,134653 
134654,134721 
134722,134782 
134783,134854 
134855,134915 
134916,135330 
135331,135417 
135418,135509 
135510,135650 
135651,135710 
135711,135754 
135755,135819 
135820,135874 
135875,135960 
135961,136062 
136063,136132 
136133,136233 
136234,136315 
136316,136403 
136404,136481 
136482,136551 
136552,136624 
136625,136727 
136728,136871 
136872,136943 
136944,137173 
137174,137257 
137258,137431 
137432,137582 
137583,137729 
137730,137858 
137859,137987 
137988,138084 
138085,138164 
138165,138234 
138235,138324 
138325,138418 
138419,138488 
138489,138586 
138587,138686 
138687,138743 
138744,138898 
138899,139421 
139422,139674 
139675,139774 
139775,139831 
139832,140028 
140029,140123 
140124,140487 
140488,140515 
140516,140561 
140562,140674 
140675,140718 
140719,140773 
140774,140815 
140816,140865 
140866,141253 
141254,141666 
141667,141746 
141747,142009 
142010,142107 
142108,142246 
142247,142337 
142338,142441 
142442,142774 
142775,142872 
142873,143520 
143521,143666 
143667,143738 
143739,144055 
144056,144123 
144124,144252 
144253,144316 
144317,144420 
144421,144498 
144499,144628 
144629,144659 
144660,144742 
144743,144794 
144795,144861 
144862,144915 
144916,144980 
144981,145100 
145101,145168 
145169,145225 
145226,145317 
145318,145374 
145375,145496 
145497,145557 
145558,145696 
145697,145778 
145779,145859 
145860,145959 
145960,146180 
146181,146402 
146403,146858 
146859,146920 
146921,146989 
146990,147080 
147081,147194 
147195,147328 
147329,147383 
147384,147695 
147696,147979 
147980,148235 
148236,148499 
148500,148587 
148588,148637 
148638,148730 
148731,148827 
148828,148932 
148933,149062 
149063,149176 
149177,149416 
149417,149670 
149671,149838 
149839,149926 
149927,150071 
150072,150197 
150198,150294 
150295,150384 
150385,150437 
150438,150510 
150511,150601 
150602,150672 
150673,150801 
150802,150861 
150862,150918 
150919,150997 
150998,151046 
151047,151058 
151059,151067 
151068,151109 
151110,151140 
151141,151435 
151436,151508 
151509,151639 
151640,151718 
151719,151775 
151776,152114 
152115,152173 
152174,152302 
152303,152358 
152359,152406 
152407,152454 
152455,152543 
152544,152594 
152595,152635 
152636,152703 
152704,152873 
152874,152917 
152918,153086 
153087,153196 
153197,153417 
153418,153528 
153529,153590 
153591,153615 
153616,153646 
153647,153696 
153697,153987 
153988,154049 
154050,154106 
154107,154125 
154126,154149 
154150,154192 
154193,154415 
154416,154471 
154472,154505 
154506,154548 
154549,154596 
154597,154763 
154764,154799 
154800,154869 
154870,154906 
154907,154936 
154937,155004 
155005,155313 
155314,155427 
155428,155479 
155480,155521 
155522,155548 
155549,155574 
155575,155603 
155604,155637 
155638,155684 
155685,155705 
155706,155868 
155869,156069 
156070,156118 
156119,156256 
156257,156294 
156295,156401 
156402,156456 
156457,156571 
156572,156639 
156640,156728 
156729,156859 
156860,156967 
156968,157090 
157091,157151 
157152,157324 
157325,157518 
157519,157680 
157681,157788 
157789,157900 
157901,158018 
158019,158275 
158276,158321 
158322,158346 
158347,158394 
158395,158467 
158468,158568 
158569,158800 
158801,158878 
158879,159110 
159111,159232 
159233,159308 
159309,159478 
159479,159583 
159584,159678 
159679,159797 
159798,159866 
159867,159927 
159928,159974 
159975,160038 
160039,160073 
160074,160113 
160114,160256 
160257,160416 
160417,160826 
160827,160897 
160898,161005 
161006,161077 
161078,161136 
161137,161183 
161184,161230 
161231,161292 
161293,161412 
161413,161523 
161524,161555 
161556,161595 
161596,161648 
161649,161859 
161860,162038 
162039,162299 
162300,162361 
162362,162440 
162441,162494 
162495,162701 
162702,162763 
162764,162810 
162811,162839 
162840,162920 
162921,163061 
163062,163127 
163128,163287 
163288,163334 
163335,163371 
163372,163570 
163571,164196 ccppc # two scenes w/ crossfade, same pp
164197,164607 
164608,164664 
164665,164786 
164787,165109 ccppc
165074,165109 + # fade-out

165110,169589 c # keyframe
165110,169454 +
165110,169454 Q 6
