# S04E24 Yo Way Yo

0,129 ppccc
0,39 + # fade-in
130,1360 pcccp
1330 -
1361
2140
2238
2292
2460
2552
2973
3127
3302
3558
3791
3906
4153
4232
4401
4452
4538
4675,4869 c
4852,4869 +

4870,5724 cccpp # keyframe
5725,5865 pcccp
5726,5865 - # MIC high
5866,5967 cccpp
5866,5967 - # MIC high
5968,6000 pcccp
5969,6000 - # MIC high
6001,6050 cccpp
6001,6050 - # MIC high
6051,6083 pcccp
6052,6083 - # MIC high
6081 +
6081 Q 2
6084,6102 c # single field
6084,6102 +
6084,6102 Q 6
6103,6124 cccpp
6125,6155 cccpp
6132 -
6139 -
6156,6176 c # progressive, also very low res, but not blocky
6177,6207 c # same
6208,6236 ppccc
6209,6236 - # MIC high
6237,6258 ccppc
6259,6284 c
6285,6303 pcccp
6304,6347 ccppc
6304,6347 - # MIC high
6348,6378 ppccc
6348,6378 ++---
6379,6408 cccpp
6379,6408 ---++
6409,6441 cppcc
6409,6441 -++--
6442,6504 ppccc
6442,6504 ++---
6505,6551 ppccc
6505,6551 ++---
6552,6669 c
6641,6669 + # fade-out

6670,6760 cccpp # keyframe
6670,6699 + # fade-in
6670,6699 Q 5 # cgi
6761
7704
7809
8011
8051
8226
8290
8394
8438
8475
8602
8672
8722
8795
8858
8903
8955
9037
9213
9278
9480
9665
9812
10062
10220
10325
10432
10462
10520,10609 cppcc
10550,10609 -++--
10610
10700
10739
11047
11135
11359
11430
11608
11684
11877
12136
12299
12383
12573
12763
12886
12984
13082
13290
13399
13445
13575
13941
14007
14063
14175
14274
14313
14356
14513
14594
14738
14792
15018
15065
15120
15163
15315
15345
15493
15571
15691
15811
15931
16080
16330,16454
16401,16487 + # crossfade
16401,16487 Q 5
16455
16679
16717
16798
16837
17029
17136
17424
17498
17564
17611
17707
17792
17983
18095
18233
18283
18328
18374
18440
18489
18567
18831
19275
19348
19481
19630
19726
19917
20173
20326
20408
20518
20644
20821
21005
21098
21273
21437
21705
21911
22018
22084
22149
22174
22269
22457
22511
22661
22751
22871
22984
23161
23354
23503
23563
23605
23732
23884
23934
23976
24010
24064
24337
24387
24446
24535
24605
24698
24813
25239
25485
25733
26449
26507
26576
26776
26914
26984
27091
27645
27893
27958
28344
28499
28596
28730
28860
28873
28900
29058
29345
30033
30075
30207
30269
30290
30313
30364
30424
30445
30470
30507
30550
30586
30628
30674
30704
30726
30752
30786
30815
30855
30895
30937
30994
31031
31129
31214
31234
31254
31278
31378
31407
31512
31612
31815
31902
31996
32139
32243
32337
32406
32498

# TODO


78548,81065 c # keyframe
81066,81155 c # 59.94i, this is the third variation of this logo
81066,81123 +
81066,81123 Q 5
81156,81254 c
81156,81254 +
