# S02E15

0,1144 ccppc
0,1144 -
1038 +
1220,1229 cppcc
1230,1238 pcccp
1239,1246 ccppc
1247,1254 ccppc
1255,1262 ppccc
1263,1270 pcccp
1271,1278 ppccc
1279,1286 ppccc
1287,1294 pcccp
1295,1301 cccpp
1302,1308 ppccc
1309,1315 pcccp
1316,1322 cccpp
1323,1329 ccppc
1330,1336 cppcc
1337,1344 ppccc
1345,1350 ppccc
1351,1357 ccppc
1358,1363 c
1364,1368 pcccp
1369,1374 ccuccc
1375,1383 +
1384,1392 +
1393,1401 ccppc
1402,1407 cppcc
1408,1413 pcccu
1408,1413 +---+
1414,1422 ccppc
1414,1422 --++-
1423,1429 ppccc
1423,1429 ++---
1430,1435 c
1436,1441 pcccp
1436,1441 +---+
1442,1463 c
1464,1469 cccpp
1464,1469 ---++
1470,1478 c
1470,1478 ++---
1479,1514 c
1479,1514 +
1515,1523 pcccp
1515,1523 +---+
1524,1529 pcccp
1524,1529 +---+
1530,1538 ppccc
1530,1538 ++---
1539,1549 c
1550,1576 ccppc
1550,1576 --++-
1577,1616 pcccp
1577,1634 +---+
1635,1830 c

1831,2169 ppccc # keyframe
2170,2733 
2734,2828 
2829,2944 
2945,3050 
3051,3121 
3122,3218 
3219,3419 
3420,3467 
3468,3526 
3527,3595 
3596,3738 
3739,3872 
3873,4011 
4012,4107 
4108,4234 
4235,4347 
4348,4457 
4458,4514 
4515,4556 
4557,4620 
4621,4731 
4732,5318 
5319,5553 
5554,5733 
5734,5798 
5799,6102 
6103,6197 
6198,6255 
6256,6316 
6317,6403 
6404,8817 
8818,9018 
9019,9133 
9134,9199 
9200,9259 
9260,9358 
9359,9422 
9423,9488 
9489,9554 
9555,10199 
10200,10301 
10302,10566 
10567,10647 
10648,10833 
10834,10910 
10911,10982 
10983,11068 
11069,11250 
11251,11476 
11477,11665 
11666,11730 
11731,11819 
11820,11864 
11865,12014 
12015,12106 
12107,12236 
12237,12350 
12351,12405 
12406,12453 
12454,12548 
12549,12620 
12621,12819 
12820,12888 
12889,12999 
13000,13101 
13102,13173 
13174,13276 
13277,13336 
13337,13418 
13419,13523 
13524,13652 
13653,13826
13795,13852 + # crossfade
13827,14064 
14065,14206 
14207,14340 
14341,14477 
14478,14574 
14575,14681 
14682,14744 
14745,14796 
14797,14875 
14876,15002 
15003,15110 
15111,15313 
15314,15485 
15486,15533 
15534,15608 
15609,15889 
15890,15967 
15968,16088 
16089,16197 
16198,16292 
16293,16353 
16354,16518 
16519,16855 
16856,17263 
17264,17423 
17424,17518 
17519,17605 
17606,17683 
17684,17780 
17781,17853 
17854,18037 
18038,18142 
18143,18223 
18224,18382 
18383,18484 
18485,18685 
18686,18777 
18778,18891 
18892,19040 
19041,19242 
19243,19305 
19306,19367 
19368,19525 
19526,19760 
19761,19862 
19863,20005 
20006,20082 
20083,20172 
20173,20307 
20308,20402 
20403,20576 
20577,21113 
21114,21193 
21194,21326 
21327,21385 
21386,21670 
21671,21775 
21776,21836 
21837,22020 
22021,22132 
22133,22275 
22276,22410 
22411,22576 
22577,22675 
22676,23029 
23030,23134 
23135,23266 
23267,23356 
23357,23432 
23433,23577 
23578,23667 
23668,23725 
23726,24300 
24301,24466 
24467,24697 
24698,24818 
24819,25082 
25083,25227 
25228,25314 
25315,25664 
25665,26475 
26476,26607 
26608,26659 
26660,26888 
26889,26992 
26993,27065 
27066,27173 
27174,27436 
27437,27564 
27565,27731 
27732,27841 
27842,28064 
28065,28295 
28296,28568 
28569,28937 
28938,29299 
29300,29441 
29442,29598 
29599,29671 
29672,29757 
29758,29924 
29925,29997 
29998,30058 
30059,30243 
30244,30277 
30278,30346 
30347,30412 
30413,30660 
30661,30840 
30841,30872 
30873,30961 
30962,30978 
30979,31186 
31187,31512 
31513,31664 
31665,31842 
31843,31929 
31930,32004 
32005,32140 
32141,32247 
32248,32339 
32340,32463 
32464,32512 
32513,32621 
32622,32862 
32863,33122 
33123,33233 
33234,33312
33283,33343 + # crossfade
33313,33579 
33580,33680 
33681,33840 
33841,33953 
33954,34165 
34166,34400 
34401,34567 
34568,34756 
34757,34839 
34840,35050 
35051,35244 
35245,35430 
35431,35567 
35568,35828 
35829,36359 
36360,36602 
36603,36702 
36703,36751 
36752,36803 
36804,37020 
37021,37266 
37267,37355 
37356,37554 
37555,37607 
37608,37662 
37663,38295 
38296,38366 
38367,38423 
38424,38643 
38644,38673 
38674,38714 
38715,38781 
38782,38895 
38896,39152 
39153,39216 
39217,39320 
39321,39385 
39386,39557 
39558,39622 
39623,39750 
39751,39881 
39882,40252 
40253,40379 
40380,40443 
40444,40517
40485,40544 + # crossfade
40518,40918 
40919,41351 
41352,41438 
41439,41986 
41987,42075 
42076,42318 
42319,42600 
42601,42998 
42999,43074 
43075,43364 
43365,43457 
43458,43833 
43834,43867 
43868,43906 
43907,43948 
43949,44030 
44031,44096 
44097,44365 
44366,44595 
44596,44655 
44656,45232 
45233,45486 
45487,45603 
45604,45690 
45691,45772 
45773,45855 
45856,45931 
45932,46010 
46011,46091 
46092,46187 
46188,46257 
46258,46360 
46361,46398 
46399,46471 
46472,46537 
46538,46773 
46774,46924 
46925,47004 
47005,47069 
47070,47236 
47237,47332 
47333,47383 
47384,47458 
47459,47520 
47521,47576 
47577,47651 
47652,47791 
47792,48153 
48154,48210 
48211,48495 
48496,48594 
48595,48752 
48753,48844 
48845,49058 
49059,49180 
49181,49298 
49299,49416 
49417,49566 
49567,49662 
49663,49701 
49702,49790 
49791,49899 
49900,49984 
49985,50076 
50077,50149 
50150,50190 
50191,50247 
50248,50317 
50318,50374 
50375,50418 
50419,50519 
50520,50876 
50877,50944 
50945,51107 
51108,51235 
51236,51338 
51339,51419 
51420,51678 
51679,52148 
52149,52509 
52510,52588 
52589,52654 
52655,52968 
52969,53037 
53038,53121 
53122,53192 
53193,53247 
53248,53303 
53304,53549 
53550,53854 
53855,53897 
53898,53954 
53955,54019 
54020,54098 
54099,54148 
54149,54202 
54203,54711 
54712,54810 
54811,55037 
55038,55259 
55260,55464
55432,55491 + # crossfade
55465,55888 
55889,55957 
55958,56773 
56774,56819 
56820,56908 
56909,56984 
56985,57048 
57049,57112 
57113,57144 
57145,57197 
57198,57275 
57276,57378 
57379,57414 
57415,57469 
57470,57525 
57526,57631 
57632,57705 
57706,57766 
57767,57867 
57868,57943 
57944,58132 
58133,58267 
58268,58490 
58491,58671 
58672,58818 
58819,59015 
59016,59225 
59226,59434 
59435,59511 
59512,59595 
59596,59761 
59762,59828 
59829,59887 
59888,60149 
60150,60164 
60165,60269 
60270,60314 
60315,60364 
60365,60404 
60405,60491 
60492,60539 
60540,60589 
60590,60647 
60648,60710 
60711,60780 
60781,60885 
60886,60969 
60970,61032 
61033,61075 
61076,61113 
61114,61212 
61213,61309 
61310,61407 
61408,61563 
61564,61662 
61663,61733 
61734,61824 
61825,61904 
61905,61984 
61985,62116 
62117,62182 
62183,62203 
62204,62234 
62235,62264 
62265,62299 
62300,62332 
62333,62363 
62364,62569 
62570,63004 
63005,63633 
63634,63909 
63910,63982 
63983,64138 
64139,64627 
64628,64727 
64728,64983 
64984,65174 
65175,65309 
65310,65387 
65388,65490 
65491,65565 
65566,65670 
65671,65812 
65813,65895 
65896,66006 
66007,66066 
66067,66161 
66162,66260 
66261,66415 
66416,66853 
66854,66971 
66972,67178 
67179,67374 
67375,67712 
67713,67945 
67946,68059 
68060,68122 
68123,68379 
68380,68665 
68666,68919 
68920,69178 
69179,69276 
69277,69404 
69405,69524 
69525,69941 
69942,70090 
70091,70154 
70155,70259 
70260,70347 
70348,70569 
70570,70636 
70637,70733 
70734,70936 
70937,71021 
71022,71128 
71129,71231 
71232,71367 
71368,71445 
71446,71636 
71637,71857 
71858,72215 
72216,72299 
72300,72541 
72542,72664 
72665,72734 
72735,72783 
72784,72933 
72934,73239 
73240,73285 
73286,73680 
73681,73735 
73736,73812 
73813,74126 
74127,74381 
74382,74445 
74446,74521 
74522,74600 
74601,74907 
74908,75524 
75525,75813 
75814,75907 
75908,76062 
76063,76151 
76152,76280 
76281,76398 
76399,76583 
76584,76719 
76720,76991 
76992,77212 
77213,77519 
77520,77598 
77599,77668 
77669,77740 
77741,77766 
77767,78007 
78008,78304
78272,78331 + # crossfade
78305,78980 
78981,79157 
79158,79267 
79268,79381 
79382,79441 
79442,79526 
79527,79759 
79760,79814 
79815,79870 
79871,79923 
79924,80429 
80430,80531 
80532,80597 
80598,80645 
80646,80811 
80812,80980 
80981,81120 
81121,81354 
81355,81543 
81544,81680 
81681,82883 
82884,83022 
83023,83235 
83236,83306 
83307,83463 
83464,83572 
83573,83940 
83941,84246
84230,84261 + # crossfade

84247,85953 c # keyframe
85954,86104 c
85954,86104 +

